0.1	57.63716666962569	41.317997819602745	54.87422289787324	40.85137718502232	53.63240028498698	40.66481837281116	52.78087221584958	40.71459862783326	51.39607185168352	40.831536401545996
0.30000000000000004	49.94314941716776	35.47494386339383	41.731833839379426	34.72093228058521	38.18423555675069	34.30339682661044	35.95531251796652	34.21214310063498	32.946146568922785	34.07031759853209
0.5	41.353023006470806	34.1909312907763	33.61572719871125	32.43702909663785	29.917792016457977	31.564538133001356	27.30536638133779	31.33104168854556	24.658162226681807	30.907789064967364
0.7	37.66078428545728	32.71214541008253	29.285899698506093	31.120000996730553	25.477075832843944	30.008405177856737	22.7178179388178	29.29184934726988	20.054183667090022	28.673162097294615
0.8999999999999999	29.037647723454068	29.407587404266724	21.091052657688454	26.123967407476307	17.378352653306422	24.145082522948634	14.878384261575611	22.611791656271965	12.426553376191007	21.127135375463997
1.0999999999999999	32.509914980330585	32.166745351045286	24.511788843033486	29.19228332846548	20.840555857297257	27.267557234878705	18.77696614247164	26.09386757574904	16.277029545962797	25.09748074750905
1.2999999999999998	28.465444810353752	29.75572828965154	21.993171040850168	28.858655619901594	18.747465808650333	27.952635527420412	17.029205367546226	27.38906030935353	15.599620615047627	26.45204700726087
1.4999999999999998	53.36601471236009	34.60799886797033	42.56853123087662	32.41686636795538	38.104731708121456	30.82560228307417	35.83698042619437	29.8125546912612	32.416837782810205	28.953901817018302
1.6999999999999997	20.487336415170546	30.063736788914547	15.663855681103982	25.352255984442994	13.495584834632952	22.802454919545447	12.417941769287811	21.372668998477746	10.827148264893712	19.68549069304319
1.8999999999999997	43.57728660042825	28.678319569669085	33.49522691778705	25.81001783769038	27.225517844995753	23.879879122921647	23.652747037558623	22.286580799851034	19.352732500271085	21.740421781587944
2.0999999999999996	0.0	0.0	0.0	0.0	0.0	0.0	0.0	0.0	0.0	0.0
2.3	0.0	0.0	0.0	0.0	0.0	0.0	0.0	0.0	0.0	0.0
2.5	0.0	0.0	0.0	0.0	0.0	0.0	0.0	0.0	0.0	0.0
2.7	0.0	0.0	0.0	0.0	0.0	0.0	0.0	0.0	0.0	0.0
2.9000000000000004	0.0	0.0	0.0	0.0	0.0	0.0	0.0	0.0	0.0	0.0
3.1000000000000005	0.0	0.0	0.0	0.0	0.0	0.0	0.0	0.0	0.0	0.0
3.3000000000000007	0.0	0.0	0.0	0.0	0.0	0.0	0.0	0.0	0.0	0.0
3.500000000000001	0.0	0.0	0.0	0.0	0.0	0.0	0.0	0.0	0.0	0.0
3.700000000000001	0.0	0.0	0.0	0.0	0.0	0.0	0.0	0.0	0.0	0.0
3.9000000000000012	0.0	0.0	0.0	0.0	0.0	0.0	0.0	0.0	0.0	0.0
