5.0	0.3469387755102041	0.37073170731707317	0.41530054644808745	0.4725609756097561	0.5584415584415584	0.5126050420168067	0.6166666666666667	0.30952380952380953	0.7	0.2857142857142857	NaN	NaN	NaN	NaN	NaN	NaN	NaN	NaN	NaN	NaN
15.0	0.017006802721088437	0.06097560975609756	0.09016393442622951	0.0701219512195122	0.07467532467532467	0.08403361344537816	0.1	0.07142857142857142	0.0	0.07142857142857142	NaN	NaN	NaN	NaN	NaN	NaN	NaN	NaN	NaN	NaN
25.0	0.003401360544217687	0.03170731707317073	0.040983606557377046	0.07317073170731707	0.048701298701298704	0.02100840336134454	0.05	0.047619047619047616	0.03333333333333333	0.07142857142857142	NaN	NaN	NaN	NaN	NaN	NaN	NaN	NaN	NaN	NaN
35.0	0.017006802721088437	0.03414634146341464	0.060109289617486336	0.036585365853658534	0.032467532467532464	0.09243697478991597	0.016666666666666666	0.03571428571428571	0.06666666666666667	0.07142857142857142	NaN	NaN	NaN	NaN	NaN	NaN	NaN	NaN	NaN	NaN
45.0	0.003401360544217687	0.07073170731707316	0.05737704918032787	0.051829268292682924	0.06818181818181818	0.046218487394957986	0.03333333333333333	0.09523809523809523	0.06666666666666667	0.14285714285714285	NaN	NaN	NaN	NaN	NaN	NaN	NaN	NaN	NaN	NaN
55.0	0.01020408163265306	0.05609756097560976	0.06830601092896176	0.06402439024390244	0.07467532467532467	0.046218487394957986	0.016666666666666666	0.03571428571428571	0.0	0.14285714285714285	NaN	NaN	NaN	NaN	NaN	NaN	NaN	NaN	NaN	NaN
65.0	0.02040816326530612	0.05853658536585366	0.06284153005464481	0.0975609756097561	0.05194805194805195	0.07142857142857142	0.08333333333333333	0.19047619047619047	0.03333333333333333	0.0	NaN	NaN	NaN	NaN	NaN	NaN	NaN	NaN	NaN	NaN
75.0	0.0782312925170068	0.08536585365853659	0.08196721311475409	0.039634146341463415	0.08116883116883117	0.08823529411764706	0.03333333333333333	0.05952380952380952	0.06666666666666667	0.14285714285714285	NaN	NaN	NaN	NaN	NaN	NaN	NaN	NaN	NaN	NaN
85.0	0.2687074829931973	0.21707317073170732	0.09836065573770492	0.07621951219512195	0.006493506493506494	0.029411764705882353	0.03333333333333333	0.14285714285714285	0.0	0.0	NaN	NaN	NaN	NaN	NaN	NaN	NaN	NaN	NaN	NaN
95.0	0.23129251700680273	0.012195121951219513	0.02185792349726776	0.01524390243902439	0.0	0.004201680672268907	0.0	0.0	0.0	0.0	NaN	NaN	NaN	NaN	NaN	NaN	NaN	NaN	NaN	NaN
