5.0	0.3333333333333333	0.3170731707317073	0.34972677595628415	0.35365853658536583	0.461038961038961	0.4369747899159664	0.43333333333333335	0.2857142857142857	0.6666666666666666	0.14285714285714285	NaN	NaN	NaN	NaN	NaN	NaN	NaN	NaN	NaN	NaN
15.0	0.006802721088435374	0.03902439024390244	0.060109289617486336	0.07926829268292683	0.05194805194805195	0.04201680672268908	0.2	0.047619047619047616	0.0	0.14285714285714285	NaN	NaN	NaN	NaN	NaN	NaN	NaN	NaN	NaN	NaN
25.0	0.006802721088435374	0.014634146341463415	0.03278688524590164	0.06097560975609756	0.01948051948051948	0.025210084033613446	0.03333333333333333	0.0	0.06666666666666667	0.0	NaN	NaN	NaN	NaN	NaN	NaN	NaN	NaN	NaN	NaN
35.0	0.027210884353741496	0.03902439024390244	0.07103825136612021	0.042682926829268296	0.05844155844155844	0.09243697478991597	0.03333333333333333	0.0	0.0	0.0	NaN	NaN	NaN	NaN	NaN	NaN	NaN	NaN	NaN	NaN
45.0	0.0	0.04390243902439024	0.060109289617486336	0.07926829268292683	0.08441558441558442	0.025210084033613446	0.06666666666666667	0.0	0.0	0.0	NaN	NaN	NaN	NaN	NaN	NaN	NaN	NaN	NaN	NaN
55.0	0.006802721088435374	0.06341463414634146	0.0546448087431694	0.042682926829268296	0.07792207792207792	0.05042016806722689	0.03333333333333333	0.047619047619047616	0.0	0.2857142857142857	NaN	NaN	NaN	NaN	NaN	NaN	NaN	NaN	NaN	NaN
65.0	0.02040816326530612	0.05853658536585366	0.06557377049180328	0.13414634146341464	0.08441558441558442	0.1092436974789916	0.03333333333333333	0.19047619047619047	0.06666666666666667	0.0	NaN	NaN	NaN	NaN	NaN	NaN	NaN	NaN	NaN	NaN
75.0	0.027210884353741496	0.1073170731707317	0.10382513661202186	0.054878048780487805	0.14285714285714285	0.17647058823529413	0.06666666666666667	0.11904761904761904	0.13333333333333333	0.2857142857142857	NaN	NaN	NaN	NaN	NaN	NaN	NaN	NaN	NaN	NaN
85.0	0.2585034013605442	0.28780487804878047	0.15300546448087432	0.12804878048780488	0.012987012987012988	0.025210084033613446	0.06666666666666667	0.2857142857142857	0.0	0.0	NaN	NaN	NaN	NaN	NaN	NaN	NaN	NaN	NaN	NaN
95.0	0.30612244897959184	0.024390243902439025	0.04371584699453552	0.018292682926829267	0.0	0.008403361344537815	0.0	0.0	0.0	0.0	NaN	NaN	NaN	NaN	NaN	NaN	NaN	NaN	NaN	NaN
