5.0	0.3768707482993197	0.48585365853658535	0.5737704918032787	0.625609756097561	0.7	0.653781512605042	0.7666666666666667	0.4095238095238095	0.72	0.4857142857142857	NaN	NaN	NaN	NaN	NaN	NaN	NaN	NaN	NaN	NaN
15.0	0.014965986394557823	0.05170731707317073	0.0633879781420765	0.05853658536585366	0.07012987012987013	0.06890756302521009	0.04	0.05714285714285714	0.05333333333333334	0.11428571428571428	NaN	NaN	NaN	NaN	NaN	NaN	NaN	NaN	NaN	NaN
25.0	0.006802721088435374	0.02926829268292683	0.03934426229508197	0.06097560975609756	0.04285714285714286	0.025210084033613446	0.02	0.047619047619047616	0.013333333333333334	0.11428571428571428	NaN	NaN	NaN	NaN	NaN	NaN	NaN	NaN	NaN	NaN
35.0	0.013605442176870748	0.033170731707317075	0.03934426229508197	0.032926829268292684	0.025974025974025976	0.08571428571428572	0.006666666666666667	0.06666666666666667	0.13333333333333333	0.08571428571428572	NaN	NaN	NaN	NaN	NaN	NaN	NaN	NaN	NaN	NaN
45.0	0.006802721088435374	0.055609756097560976	0.048087431693989074	0.032926829268292684	0.048051948051948054	0.03865546218487395	0.013333333333333334	0.1380952380952381	0.02666666666666667	0.05714285714285714	NaN	NaN	NaN	NaN	NaN	NaN	NaN	NaN	NaN	NaN
55.0	0.02040816326530612	0.04975609756097561	0.04371584699453552	0.04390243902439024	0.048051948051948054	0.02857142857142857	0.03333333333333333	0.09047619047619047	0.0	0.05714285714285714	NaN	NaN	NaN	NaN	NaN	NaN	NaN	NaN	NaN	NaN
65.0	0.029931972789115645	0.042926829268292686	0.05027322404371585	0.0524390243902439	0.02857142857142857	0.02857142857142857	0.08666666666666667	0.10476190476190476	0.013333333333333334	0.0	NaN	NaN	NaN	NaN	NaN	NaN	NaN	NaN	NaN	NaN
75.0	0.07210884353741497	0.08292682926829269	0.05792349726775956	0.03170731707317073	0.032467532467532464	0.03697478991596639	0.013333333333333334	0.023809523809523808	0.02666666666666667	0.05714285714285714	NaN	NaN	NaN	NaN	NaN	NaN	NaN	NaN	NaN	NaN
85.0	0.2612244897959184	0.1629268292682927	0.07431693989071038	0.05365853658536585	0.0025974025974025974	0.030252100840336135	0.013333333333333334	0.05714285714285714	0.0	0.0	NaN	NaN	NaN	NaN	NaN	NaN	NaN	NaN	NaN	NaN
95.0	0.19591836734693877	0.004878048780487805	0.008743169398907104	0.006097560975609756	0.0	0.0016806722689075631	0.0	0.0	0.0	0.0	NaN	NaN	NaN	NaN	NaN	NaN	NaN	NaN	NaN	NaN
