5.0	0.36054421768707484	0.4146341463414634	0.4790528233151184	0.5264227642276422	0.6125541125541125	0.5686274509803921	0.7	0.3492063492063492	0.7111111111111111	0.3333333333333333	NaN	NaN	NaN	NaN	NaN	NaN	NaN	NaN	NaN	NaN
15.0	0.011337868480725623	0.05365853658536585	0.07285974499089254	0.06910569105691057	0.07792207792207792	0.07282913165266107	0.06666666666666667	0.06349206349206349	0.0	0.09523809523809523	NaN	NaN	NaN	NaN	NaN	NaN	NaN	NaN	NaN	NaN
25.0	0.0022675736961451248	0.027642276422764227	0.04553734061930783	0.07113821138211382	0.04329004329004329	0.03081232492997199	0.03333333333333333	0.06349206349206349	0.022222222222222223	0.09523809523809523	NaN	NaN	NaN	NaN	NaN	NaN	NaN	NaN	NaN	NaN
35.0	0.015873015873015872	0.04227642276422764	0.04918032786885246	0.04065040650406504	0.03463203463203463	0.09803921568627451	0.011111111111111112	0.031746031746031744	0.13333333333333333	0.14285714285714285	NaN	NaN	NaN	NaN	NaN	NaN	NaN	NaN	NaN	NaN
45.0	0.0022675736961451248	0.06341463414634146	0.06557377049180328	0.046747967479674794	0.06277056277056277	0.04481792717086835	0.022222222222222223	0.12698412698412698	0.044444444444444446	0.09523809523809523	NaN	NaN	NaN	NaN	NaN	NaN	NaN	NaN	NaN	NaN
55.0	0.011337868480725623	0.061788617886178863	0.058287795992714025	0.05894308943089431	0.0670995670995671	0.04201680672268908	0.011111111111111112	0.07142857142857142	0.0	0.09523809523809523	NaN	NaN	NaN	NaN	NaN	NaN	NaN	NaN	NaN	NaN
65.0	0.036281179138321996	0.05365853658536585	0.06375227686703097	0.07723577235772358	0.04112554112554113	0.047619047619047616	0.1	0.15079365079365079	0.022222222222222223	0.0	NaN	NaN	NaN	NaN	NaN	NaN	NaN	NaN	NaN	NaN
75.0	0.07936507936507936	0.08130081300813008	0.07103825136612021	0.034552845528455285	0.05411255411255411	0.06162464985994398	0.022222222222222223	0.03968253968253968	0.044444444444444446	0.09523809523809523	NaN	NaN	NaN	NaN	NaN	NaN	NaN	NaN	NaN	NaN
85.0	0.272108843537415	0.191869918699187	0.07832422586520947	0.06300813008130081	0.004329004329004329	0.028011204481792718	0.022222222222222223	0.09523809523809523	0.0	0.0	NaN	NaN	NaN	NaN	NaN	NaN	NaN	NaN	NaN	NaN
95.0	0.20634920634920634	0.008130081300813009	0.014571948998178506	0.01016260162601626	0.0	0.0028011204481792717	0.0	0.0	0.0	0.0	NaN	NaN	NaN	NaN	NaN	NaN	NaN	NaN	NaN	NaN
