5.0	0.3673469387755102	0.44390243902439025	0.5273224043715847	0.5746951219512195	0.6525974025974026	0.6029411764705882	0.7416666666666667	0.36904761904761907	0.7166666666666667	0.35714285714285715	NaN	NaN	NaN	NaN	NaN	NaN	NaN	NaN	NaN	NaN
15.0	0.011904761904761904	0.054878048780487805	0.06557377049180328	0.06402439024390244	0.07467532467532467	0.06512605042016807	0.05	0.07142857142857142	0.0	0.14285714285714285	NaN	NaN	NaN	NaN	NaN	NaN	NaN	NaN	NaN	NaN
25.0	0.00510204081632653	0.02804878048780488	0.04371584699453552	0.06859756097560976	0.048701298701298704	0.031512605042016806	0.025	0.047619047619047616	0.016666666666666666	0.14285714285714285	NaN	NaN	NaN	NaN	NaN	NaN	NaN	NaN	NaN	NaN
35.0	0.011904761904761904	0.03536585365853658	0.04371584699453552	0.036585365853658534	0.027597402597402596	0.10084033613445378	0.008333333333333333	0.03571428571428571	0.16666666666666666	0.10714285714285714	NaN	NaN	NaN	NaN	NaN	NaN	NaN	NaN	NaN	NaN
45.0	0.0017006802721088435	0.06341463414634146	0.05874316939890711	0.041158536585365856	0.05519480519480519	0.04831932773109244	0.016666666666666666	0.13690476190476192	0.03333333333333333	0.07142857142857142	NaN	NaN	NaN	NaN	NaN	NaN	NaN	NaN	NaN	NaN
55.0	0.02040816326530612	0.05975609756097561	0.05191256830601093	0.051829268292682924	0.060064935064935064	0.03571428571428571	0.008333333333333333	0.10119047619047619	0.0	0.07142857142857142	NaN	NaN	NaN	NaN	NaN	NaN	NaN	NaN	NaN	NaN
65.0	0.034013605442176874	0.045121951219512194	0.0546448087431694	0.0625	0.03571428571428571	0.03571428571428571	0.10833333333333334	0.13095238095238096	0.016666666666666666	0.0	NaN	NaN	NaN	NaN	NaN	NaN	NaN	NaN	NaN	NaN
75.0	0.06972789115646258	0.08292682926829269	0.06557377049180328	0.03353658536585366	0.040584415584415584	0.046218487394957986	0.016666666666666666	0.02976190476190476	0.03333333333333333	0.07142857142857142	NaN	NaN	NaN	NaN	NaN	NaN	NaN	NaN	NaN	NaN
85.0	0.2755102040816326	0.17926829268292682	0.07650273224043716	0.057926829268292686	0.003246753246753247	0.029411764705882353	0.016666666666666666	0.07142857142857142	0.0	0.0	NaN	NaN	NaN	NaN	NaN	NaN	NaN	NaN	NaN	NaN
95.0	0.20068027210884354	0.006097560975609756	0.01092896174863388	0.007621951219512195	0.0	0.0021008403361344537	0.0	0.0	0.0	0.0	NaN	NaN	NaN	NaN	NaN	NaN	NaN	NaN	NaN	NaN
